24292
38034
74373
16928
6953
77450
13934
1692
43039
67711
11621
57865
75655
21814
90096
84644
46721
20072
94863
64715
23606
65135
47878
48073
25310
84131
892
28364
69357
97226
43496
30964
59571
48712
87250
98116
14805
36514
1005
28626
43689
37186
96635
77360
13670
69842
60537
68924
18415
37023
30985
7065
83502
36407
15643
17541
63041
87654
23170
44624
43728
14329
80653
22491
39292
45416
75471
86435
69560
48936
50106
31795
9355
34228
31664
71467
53048
69613
44623
25540
59741
43147
73013
273
12781
66872
87283
672
39267
151
43550
65295
43000
72727
78408
98201
68903
36310
83772
32430
6902
58752
4402
12082
13752
29545
36232
79029
54196
51753
18982
3686
98357
88239
44083
32752
14786
44347
76185
88303
40082
47429
16885
50200
11637
85924
20313
66223
88632
36459
39072
98363
59119
5246
89637
51864
94735
900
44576
98789
60269
19719
7831
95301
15588
85242
6478
34584
68080
64685
12595
97693
71897
57464
91303
65314
25953
54123
15453
4719
47846
84600
34778
37470
67248
50976
56515
72556
80153
24200
90573
47139
76538
25961
23773
69933
97471
90522
57700
73522
8229
40785
7379
23135
95180
74174
48117
91779
99972
55210
79951
62121
99723
85453
35132
14594
62645
11889
97832
89291
64983
5394
26844
74929
13747
90793
47070
40943
58871
222
30288
76074
225
68967
51576
25473
59496
57899
52750
9369
67233
76624
25878
58064
64132
28246
105
40430
18114
75476
79103
94281
62912
64543
69842
60692
62724
17178
23887
27159
10404
51598
75778
93212
92594
54621
56591
9105
44088
64109
4257
70884
45407
17139
4556
26827
60914
13619
50290
78093
23157
40585
47847
17296
25037
58292
93796
55332
96831
40642
70036
71891
71067
94723
55764
65126
84105
26271
89956
29035
2388
89739
86272
65764
13138
56470
17642
81732
31810
21409
65128
67950
11889
26590
42542
53290
48126
33731
78030
12162
30723
68515
22260
7181
19202
41197
99365
46003
7138
39015
72708
65130
93878
43290
83913
21194
71360
34271
93566
23540
99469
99868
31542
58162
81653
4092
9554
94128
51923
74439
55499
76299
5857
34948
69624
22978
15938
57860
92977
28511
1019
44240
99674
9061
40555
43197
80535
90032
76075
25611
54739
57268
64011
88252
38665
86522
87718
84703
1327
48584
27342
42578
84128
17347
15495
18596
9003
85639
25979
43627
51515
52285
26615
65383
54074
27445
25527
37057
93125
2766
84284
22765
21301
33976
79933
30720
60166
64226
55523
34680
13407
97376
54989
85297
70332
77403
53112
72887
11155
99688
89751
58825
91541
26978
69933
17769
87179
3529
84887
38452
83990
40771
37237
74358
2849
48090
24113
46089
33540
34022
27035
68318
60292
53322
79454
68636
19959
44386
87643
36741
27607
16725
5321
7750
77511
7231
16428
85622
59696
14461
92013
92869
4200
69915
69658
53835
74000
13178
63880
87086
24060
12554
30790
52999
74043
28791
99961
10735
19849
41264
35891
77953
94825
43228
31090
40666
3335
14811
32699
33010
60625
42356
2812
45551
27447
94721
14700
40070
85225
38881
82292
3
27
81
11137
81439
42068
56513
34107
85441
54217
69131
79698
93198
26699
10346
61093
2137
27065
90171
20240
11906
34142
